
                                     CHDR
               with Stroke, Stroke+MI and vacated Arrest States 2/7/13 ang/rev corr 4/16/14
                                    STATES
AGE   ANG    REVSC   MI     TBD     REVSC+MI  TDB     TBD     TBD   STROKE  STR+MI
35  0.3085  0.0570  0.2082  0.0000  0.0640  0.0000  0.0000  0.0000  0.3420  0.0203
35  0.3096  0.0223  0.2226  0.0000  0.0137  0.0000  0.0000  0.0000  0.4016  0.0302
36  0.2991  0.0580  0.2149  0.0000  0.0721  0.0000  0.0000  0.0000  0.3320  0.0240
36  0.3016  0.0236  0.2232  0.0000  0.0173  0.0000  0.0000  0.0000  0.4032  0.0310
37  0.2917  0.0594  0.2208  0.0000  0.0803  0.0000  0.0000  0.0000  0.3201  0.0277
37  0.2959  0.0250  0.2222  0.0000  0.0209  0.0000  0.0000  0.0000  0.4041  0.0319
38  0.2860  0.0609  0.2260  0.0000  0.0887  0.0000  0.0000  0.0000  0.3072  0.0312
38  0.2918  0.0265  0.2201  0.0000  0.0243  0.0000  0.0000  0.0000  0.4043  0.0329
39  0.2816  0.0627  0.2303  0.0000  0.0971  0.0000  0.0000  0.0000  0.2936  0.0346
39  0.2891  0.0281  0.2171  0.0000  0.0276  0.0000  0.0000  0.0000  0.4041  0.0340
40  0.2782  0.0647  0.2338  0.0000  0.1056  0.0000  0.0000  0.0000  0.2798  0.0379
40  0.2873  0.0298  0.2135  0.0000  0.0307  0.0000  0.0000  0.0000  0.4034  0.0352
41  0.2755  0.0669  0.2365  0.0000  0.1139  0.0000  0.0000  0.0000  0.2661  0.0411
41  0.2885  0.0318  0.2112  0.0000  0.0340  0.0000  0.0000  0.0000  0.3979  0.0367
42  0.2734  0.0692  0.2385  0.0000  0.1222  0.0000  0.0000  0.0000  0.2525  0.0442
42  0.2900  0.0339  0.2084  0.0000  0.0371  0.0000  0.0000  0.0000  0.3923  0.0383
43  0.2717  0.0716  0.2400  0.0000  0.1304  0.0000  0.0000  0.0000  0.2392  0.0472
43  0.2919  0.0361  0.2052  0.0000  0.0400  0.0000  0.0000  0.0000  0.3869  0.0398
44  0.2703  0.0741  0.2409  0.0000  0.1384  0.0000  0.0000  0.0000  0.2263  0.0500
44  0.2938  0.0384  0.2018  0.0000  0.0429  0.0000  0.0000  0.0000  0.3817  0.0414
45  0.2691  0.0766  0.2413  0.0000  0.1463  0.0000  0.0000  0.0000  0.2139  0.0528
45  0.3003  0.0413  0.1966  0.0000  0.0452  0.0000  0.0000  0.0000  0.3739  0.0427
46  0.2658  0.0786  0.2392  0.0000  0.1527  0.0000  0.0000  0.0000  0.2087  0.0550
46  0.3046  0.0440  0.1920  0.0000  0.0475  0.0000  0.0000  0.0000  0.3677  0.0442
47  0.2688  0.0825  0.2327  0.0000  0.1560  0.0000  0.0000  0.0000  0.2038  0.0561
47  0.3085  0.0468  0.1874  0.0000  0.0497  0.0000  0.0000  0.0000  0.3621  0.0456
48  0.2683  0.0854  0.2298  0.0000  0.1615  0.0000  0.0000  0.0000  0.1983  0.0568
48  0.3120  0.0495  0.1829  0.0000  0.0517  0.0000  0.0000  0.0000  0.3569  0.0470
49  0.2663  0.0878  0.2281  0.0000  0.1678  0.0000  0.0000  0.0000  0.1927  0.0572
49  0.3134  0.0520  0.1812  0.0000  0.0544  0.0000  0.0000  0.0000  0.3507  0.0483
50  0.2643  0.0903  0.2260  0.0000  0.1736  0.0000  0.0000  0.0000  0.1881  0.0577
50  0.3139  0.0544  0.1805  0.0000  0.0574  0.0000  0.0000  0.0000  0.3445  0.0494
51  0.2623  0.0927  0.2235  0.0000  0.1790  0.0000  0.0000  0.0000  0.1843  0.0583
51  0.3140  0.0567  0.1796  0.0000  0.0603  0.0000  0.0000  0.0000  0.3389  0.0505
52  0.2602  0.0951  0.2208  0.0000  0.1840  0.0000  0.0000  0.0000  0.1810  0.0589
52  0.3136  0.0590  0.1787  0.0000  0.0631  0.0000  0.0000  0.0000  0.3338  0.0517
53  0.2580  0.0976  0.2179  0.0000  0.1886  0.0000  0.0000  0.0000  0.1784  0.0595
53  0.3129  0.0613  0.1778  0.0000  0.0659  0.0000  0.0000  0.0000  0.3293  0.0528
54  0.2559  0.1000  0.2148  0.0000  0.1929  0.0000  0.0000  0.0000  0.1762  0.0602
54  0.3117  0.0635  0.1768  0.0000  0.0687  0.0000  0.0000  0.0000  0.3254  0.0539
55  0.2536  0.1023  0.2117  0.0000  0.1969  0.0000  0.0000  0.0000  0.1744  0.0610
55  0.3102  0.0656  0.1759  0.0000  0.0714  0.0000  0.0000  0.0000  0.3219  0.0550
56  0.2514  0.1047  0.2086  0.0000  0.2006  0.0000  0.0000  0.0000  0.1730  0.0618
56  0.3085  0.0677  0.1749  0.0000  0.0740  0.0000  0.0000  0.0000  0.3189  0.0561
57  0.2491  0.1071  0.2054  0.0000  0.2039  0.0000  0.0000  0.0000  0.1719  0.0626
57  0.3064  0.0697  0.1739  0.0000  0.0766  0.0000  0.0000  0.0000  0.3163  0.0572
58  0.2467  0.1094  0.2022  0.0000  0.2070  0.0000  0.0000  0.0000  0.1711  0.0635
58  0.3040  0.0716  0.1729  0.0000  0.0791  0.0000  0.0000  0.0000  0.3141  0.0583
59  0.2444  0.1118  0.1991  0.0000  0.2098  0.0000  0.0000  0.0000  0.1706  0.0644
59  0.3014  0.0735  0.1719  0.0000  0.0815  0.0000  0.0000  0.0000  0.3123  0.0594
60  0.2420  0.1141  0.1960  0.0000  0.2123  0.0000  0.0000  0.0000  0.1702  0.0654
60  0.2986  0.0753  0.1709  0.0000  0.0839  0.0000  0.0000  0.0000  0.3108  0.0604
61  0.2395  0.1164  0.1930  0.0000  0.2145  0.0000  0.0000  0.0000  0.1701  0.0664
61  0.2955  0.0770  0.1700  0.0000  0.0862  0.0000  0.0000  0.0000  0.3097  0.0615
62  0.2371  0.1187  0.1901  0.0000  0.2165  0.0000  0.0000  0.0000  0.1702  0.0675
62  0.2923  0.0787  0.1690  0.0000  0.0885  0.0000  0.0000  0.0000  0.3089  0.0626
63  0.2346  0.1209  0.1872  0.0000  0.2182  0.0000  0.0000  0.0000  0.1705  0.0686
63  0.2889  0.0803  0.1681  0.0000  0.0906  0.0000  0.0000  0.0000  0.3084  0.0636
64  0.2321  0.1232  0.1845  0.0000  0.2196  0.0000  0.0000  0.0000  0.1709  0.0697
64  0.2854  0.0818  0.1672  0.0000  0.0927  0.0000  0.0000  0.0000  0.3082  0.0647
65  0.2296  0.1254  0.1818  0.0000  0.2208  0.0000  0.0000  0.0000  0.1714  0.0709
65  0.2817  0.0833  0.1664  0.0000  0.0948  0.0000  0.0000  0.0000  0.3082  0.0657
66  0.2270  0.1276  0.1792  0.0000  0.2218  0.0000  0.0000  0.0000  0.1722  0.0722
66  0.2778  0.0847  0.1655  0.0000  0.0967  0.0000  0.0000  0.0000  0.3085  0.0667
67  0.2244  0.1298  0.1768  0.0000  0.2225  0.0000  0.0000  0.0000  0.1730  0.0735
67  0.2739  0.0860  0.1647  0.0000  0.0986  0.0000  0.0000  0.0000  0.3089  0.0677
68  0.2218  0.1320  0.1744  0.0000  0.2230  0.0000  0.0000  0.0000  0.1740  0.0748
68  0.2699  0.0873  0.1640  0.0000  0.1005  0.0000  0.0000  0.0000  0.3096  0.0687
69  0.2192  0.1342  0.1722  0.0000  0.2232  0.0000  0.0000  0.0000  0.1751  0.0761
69  0.2658  0.0885  0.1633  0.0000  0.1022  0.0000  0.0000  0.0000  0.3105  0.0697
70  0.2166  0.1363  0.1700  0.0000  0.2232  0.0000  0.0000  0.0000  0.1763  0.0775
70  0.2616  0.0896  0.1626  0.0000  0.1039  0.0000  0.0000  0.0000  0.3116  0.0707
71  0.2140  0.1384  0.1680  0.0000  0.2230  0.0000  0.0000  0.0000  0.1776  0.0790
71  0.2573  0.0906  0.1620  0.0000  0.1055  0.0000  0.0000  0.0000  0.3129  0.0717
72  0.2113  0.1405  0.1661  0.0000  0.2225  0.0000  0.0000  0.0000  0.1791  0.0805
72  0.2530  0.0916  0.1614  0.0000  0.1070  0.0000  0.0000  0.0000  0.3143  0.0727
73  0.2087  0.1426  0.1643  0.0000  0.2218  0.0000  0.0000  0.0000  0.1806  0.0821
73  0.2486  0.0925  0.1609  0.0000  0.1084  0.0000  0.0000  0.0000  0.3158  0.0737
74  0.2060  0.1446  0.1626  0.0000  0.2209  0.0000  0.0000  0.0000  0.1823  0.0837
74  0.2442  0.0934  0.1604  0.0000  0.1098  0.0000  0.0000  0.0000  0.3175  0.0747
75  0.2033  0.1467  0.1610  0.0000  0.2198  0.0000  0.0000  0.0000  0.1840  0.0853
75  0.2398  0.0941  0.1600  0.0000  0.1111  0.0000  0.0000  0.0000  0.3194  0.0756
76  0.2006  0.1487  0.1594  0.0000  0.2185  0.0000  0.0000  0.0000  0.1859  0.0870
76  0.2353  0.0949  0.1596  0.0000  0.1123  0.0000  0.0000  0.0000  0.3213  0.0766
77  0.1978  0.1506  0.1580  0.0000  0.2169  0.0000  0.0000  0.0000  0.1878  0.0888
77  0.2308  0.0955  0.1593  0.0000  0.1135  0.0000  0.0000  0.0000  0.3234  0.0776
78  0.1951  0.1526  0.1567  0.0000  0.2151  0.0000  0.0000  0.0000  0.1899  0.0906
78  0.2262  0.0961  0.1591  0.0000  0.1145  0.0000  0.0000  0.0000  0.3256  0.0785
79  0.1924  0.1545  0.1555  0.0000  0.2131  0.0000  0.0000  0.0000  0.1921  0.0924
79  0.2217  0.0966  0.1589  0.0000  0.1155  0.0000  0.0000  0.0000  0.3279  0.0795
80  0.1896  0.1564  0.1543  0.0000  0.2109  0.0000  0.0000  0.0000  0.1944  0.0944
80  0.2172  0.0970  0.1588  0.0000  0.1164  0.0000  0.0000  0.0000  0.3302  0.0804
81  0.1869  0.1583  0.1532  0.0000  0.2085  0.0000  0.0000  0.0000  0.1967  0.0963
81  0.2126  0.0974  0.1587  0.0000  0.1172  0.0000  0.0000  0.0000  0.3327  0.0813
82  0.1841  0.1601  0.1522  0.0000  0.2059  0.0000  0.0000  0.0000  0.1992  0.0984
82  0.2081  0.0977  0.1587  0.0000  0.1180  0.0000  0.0000  0.0000  0.3353  0.0823
83  0.1813  0.1619  0.1513  0.0000  0.2031  0.0000  0.0000  0.0000  0.2018  0.1005
83  0.2036  0.0980  0.1588  0.0000  0.1186  0.0000  0.0000  0.0000  0.3379  0.0832
84  0.1785  0.1637  0.1504  0.0000  0.2001  0.0000  0.0000  0.0000  0.2046  0.1027
84  0.1990  0.0982  0.1589  0.0000  0.1192  0.0000  0.0000  0.0000  0.3406  0.0841
85  0.1757  0.1654  0.1496  0.0000  0.1969  0.0000  0.0000  0.0000  0.2074  0.1049
85  0.1945  0.0983  0.1591  0.0000  0.1197  0.0000  0.0000  0.0000  0.3434  0.0850
86  0.1757  0.1654  0.1496  0.0000  0.1969  0.0000  0.0000  0.0000  0.2074  0.1049
86  0.1945  0.0983  0.1591  0.0000  0.1197  0.0000  0.0000  0.0000  0.3434  0.0850
87  0.1757  0.1654  0.1496  0.0000  0.1969  0.0000  0.0000  0.0000  0.2074  0.1049
87  0.1945  0.0983  0.1591  0.0000  0.1197  0.0000  0.0000  0.0000  0.3434  0.0850
88  0.1757  0.1654  0.1496  0.0000  0.1969  0.0000  0.0000  0.0000  0.2074  0.1049
88  0.1945  0.0983  0.1591  0.0000  0.1197  0.0000  0.0000  0.0000  0.3434  0.0850
89  0.1757  0.1654  0.1496  0.0000  0.1969  0.0000  0.0000  0.0000  0.2074  0.1049
89  0.1945  0.0983  0.1591  0.0000  0.1197  0.0000  0.0000  0.0000  0.3434  0.0850
90  0.1757  0.1654  0.1496  0.0000  0.1969  0.0000  0.0000  0.0000  0.2074  0.1049
90  0.1945  0.0983  0.1591  0.0000  0.1197  0.0000  0.0000  0.0000  0.3434  0.0850
91  0.1757  0.1654  0.1496  0.0000  0.1969  0.0000  0.0000  0.0000  0.2074  0.1049
91  0.1945  0.0983  0.1591  0.0000  0.1197  0.0000  0.0000  0.0000  0.3434  0.0850
92  0.1757  0.1654  0.1496  0.0000  0.1969  0.0000  0.0000  0.0000  0.2074  0.1049
92  0.1945  0.0983  0.1591  0.0000  0.1197  0.0000  0.0000  0.0000  0.3434  0.0850
93  0.1757  0.1654  0.1496  0.0000  0.1969  0.0000  0.0000  0.0000  0.2074  0.1049
93  0.1945  0.0983  0.1591  0.0000  0.1197  0.0000  0.0000  0.0000  0.3434  0.0850
94  0.1757  0.1654  0.1496  0.0000  0.1969  0.0000  0.0000  0.0000  0.2074  0.1049
94  0.1945  0.0983  0.1591  0.0000  0.1197  0.0000  0.0000  0.0000  0.3434  0.0850
35  0.3085  0.0570  0.2082  0.0000  0.0640  0.0000  0.0000  0.0000  0.3420  0.0203
35  0.3096  0.0223  0.2226  0.0000  0.0137  0.0000  0.0000  0.0000  0.4016  0.0302


